00000000000000000000000000000000000000000000000000000000000000000000000000000000000000000000000000000000000000000000000000000000
00000000000000000000000000000000000000000000000000000000000000000000000000000000000000000000000000000000000000000000000000000000
00000000000000000000000000000000000000000000000000000000000000000000000000000000000000000000000000000000000000000000000000000000
00000000000000000000000000000000000000000000000000000000000000000000000000000000000000000000000000000000000000000000000000000000
00000000000000000000000000000000000000000000000000000000000000000000000000000000000000000000000000000000000000000000000000000000
00000000000000000000000000000000000000000000000000000000000000000000000000000000000000000000000000000000000000000000000000000000
00000000000000000000000000000000000000000000000000000000000000000000000000000000000000000000000000000000000000000000000000000000
00000000000000000000000000000000000000000000000000000000000000000000000000000000000000000000000000000000000000000000000000000000
00000000000000000000000000000000000000000000000000000000000000000000000000000000000000000000000000000000000000000000000000000000
00000000000000000000000000000000000000000000000000000000000000000000000040000000000000000000000000000000000000000000000000000000
00000000000000000000000000000000000000000040031111111111111111111111120040000000040000004000000000000000000000000000000000000000
00000000000000000000000000000000000000000040031111111111111111111111120040000000040000004000000000000000000000000000000000000000
00000000000000000000000000000400000000000040031111111111111111111111120040000000040000004000000000000000000000000000000000000000
00000000000000000400400000000400000000000040000000000000000000000000000040000000040000004000000000000000000000000000000000000000
00000000000000000400400000000400000000000040000000000000000000000000000040000000040000004000000000000000000000000000000000000000
00000000000000000400400000000400000000000040000000000000000000000000000040000000040000004000000000000000000000000000000000000000
00000000000000000000000031200400312000000000000000000000000000000000000000000000040000004000000000000000000000000000000000000000
00000000000000000000000031200400312000000000000000000000000000000000000000000000040000004000000000000000000000000000000000000000
00000000000000000000000000000000000000000000000000000000000000000000000000000000000000000000000000000000000000000000000000000000
00000000000000000000000000000000000000000000000000000000000000000000000000000000000000000000000000000000000000000000000000000000
00000000000000000000000000000000000000000000000000000000000000000000000000000000000000000000000000000000000000000000000000000000
00000000000000000000000000000000000000000000000000000000000000000000000000000000000000000000000000000000000000000000000000000000
00000000000000000000000000000000000000000000000000000000000000000000000000000000000000000000000000000000000000000000000000000000
00000000000000000000000000000000000000000000000000000000000000000000000000000000000000000000000000000000000000000000000000000000
